-211—

Finita, Pizarras 881111011888, 818.), 08811818888 88 18 08181888 188
Ε111188, 18118880 008 completo ό 8118118880 008 88 880880 888-
8880110 108 8188180188 88881008 - que 80 88 008188888 88108
808 01808 1888180188, como el Onyx, que 88 118118 88 8818
8188881-’181880888108 88188 188 01288888, que 888 8 18 818888
88 cordoba 88 88110 particular. En 8818 existen 1811111188 Fi-
litas, pero 88188 1118118888 8 18 08818 occidental, 80888
8888881888 88 8888880110 880801811118818 8818818888 88 Ρο0110.
Μ88 81 00818818 88 8818, 8880888 88 118881888 88 888 3888
1188888, 8880888088 0188 vez 88 18 18188 08188181 88 18 818888
88 [08 [18808. “

Ε818 818181080108 3803881188 88 188 Finitus 81 00818818 88 18
818888 (18 00880118 y su 00810108 0088181888 88 varios 088108
8881118 881 38818, 008 108 1888180188 y 188 01888888 88181811888
(181 81818818 8888180, 088181188 8888018 que 81188 008088 88
nivel 88088108 88 18 88818 88 188 01288888 08181811888, 0881888-
818880 0801181118818818 81 38800 1188118180.

Hasta 11ογ no existen 88388188108 1188188188, 0888 0088188-
888188 com«) pizarras metamorfoseadas 88 88 81818188 mas
moderno que 8188811180.

ΕΙ rumbo· general, 80180 81 88 188 01888 01888888, 88 88
Νο818 8 sud, 008 18811888108 1188181118, 0888018188880 81 0888-
888 18 118811881 5 18 118818 81 0818818.

[8 81810080108 88 188 01888888 08181811888 118 188180 18388,
818 8888, 88 800088 8081088881888 88188 18 8888188 y 088180-
0881188188, y antes 88 8818 8111188, 0888 108 88188108 088180-
88811881808 que 118 008180 008818188 88 18 818888 88 [08
manos, Sierra 88 Pagauzo y 88 01808 088108, 888888888 88
00810108 discordante sobre las pizarraS. Ρο8 8818 razon 80 88

. 8188188880 88818 que 18 881188 881 3888110, 188 1811188188818

113880 808 188 01888888 88 188 888888188 188801088888, 088 88
81 mismo 1188100. No 808 88 00811118 888 08881888 1888 8118818-
18881818 80088 88 88 88800108. [8 81118188οἰ8 88 38881108 88
81811818 8888 88 8888188 region 80 11888 fundamento hasta

hoy.

